latitude=19.87471
longitude=75.34709 
